# unix_time, cycles_done, cur_path, paths_total, pending_total, pending_favs, map_size, unique_crashes, unique_hangs, max_depth, execs_per_sec
1649941664, 0, 0, 2, 2, 1, 0.36%, 0, 0, 1, 202.53
1649941670, 0, 1, 40, 40, 1, 0.40%, 0, 0, 2, 1148.96
1649941675, 0, 1, 43, 43, 1, 0.40%, 0, 0, 2, 1185.23
1649941680, 0, 1, 46, 46, 1, 0.40%, 0, 0, 2, 1186.60
1649941685, 0, 1, 48, 48, 1, 0.40%, 0, 0, 2, 1191.17
1649941695, 0, 1, 50, 50, 1, 0.40%, 0, 0, 2, 1003.44
1649941725, 0, 1, 56, 56, 1, 0.40%, 0, 0, 2, 995.89
1649941731, 0, 1, 119, 119, 1, 0.40%, 16, 0, 2, 927.58
1649941736, 0, 1, 135, 135, 1, 0.40%, 21, 0, 2, 848.27
1649941741, 0, 1, 140, 140, 1, 0.41%, 24, 0, 2, 833.90
1649941746, 0, 1, 141, 141, 1, 0.41%, 24, 0, 2, 838.55
1649941751, 0, 1, 147, 147, 1, 0.42%, 24, 0, 2, 830.45
1649941756, 0, 1, 153, 153, 1, 0.43%, 24, 0, 2, 817.30
1649941761, 0, 3, 154, 153, 16, 0.43%, 24, 0, 2, 916.15
1649941828, 0, 15, 154, 152, 15, 0.43%, 25, 0, 2, 926.16
1649941899, 0, 15, 156, 154, 15, 0.43%, 25, 0, 3, 866.81
1649941904, 0, 17, 156, 153, 14, 0.43%, 26, 0, 3, 916.82
1649941971, 0, 17, 157, 154, 14, 0.43%, 27, 0, 3, 921.30
1649941976, 0, 17, 158, 155, 14, 0.43%, 28, 0, 3, 844.63
1649941981, 0, 23, 159, 155, 13, 0.43%, 28, 0, 3, 905.30
1649942048, 0, 25, 159, 154, 12, 0.43%, 29, 0, 3, 953.65
1649942109, 0, 25, 160, 155, 12, 0.43%, 29, 0, 3, 1001.36
1649942120, 0, 28, 160, 154, 11, 0.43%, 29, 0, 3, 991.95
1649942187, 0, 38, 160, 153, 10, 0.43%, 29, 0, 3, 960.21
1649942254, 0, 38, 162, 155, 10, 0.43%, 29, 0, 3, 965.30
1649942259, 0, 38, 164, 157, 10, 0.43%, 30, 0, 3, 863.38
1649942264, 0, 38, 166, 159, 10, 0.43%, 30, 0, 3, 833.65
1649942269, 0, 38, 166, 159, 10, 0.43%, 31, 0, 3, 822.48
1649942274, 0, 38, 170, 163, 10, 0.43%, 31, 0, 3, 836.63
1649942284, 0, 43, 170, 162, 9, 0.43%, 31, 0, 3, 923.08
1649942305, 0, 43, 171, 163, 9, 0.43%, 31, 0, 3, 1004.61
1649942351, 0, 43, 172, 164, 9, 0.43%, 32, 0, 3, 935.05
1649942356, 0, 43, 177, 169, 9, 0.43%, 32, 0, 3, 835.33
1649942361, 0, 43, 179, 171, 9, 0.43%, 32, 0, 3, 834.09
1649942371, 0, 43, 180, 172, 9, 0.43%, 33, 0, 3, 817.53
1649942381, 0, 65, 180, 171, 9, 0.43%, 33, 0, 3, 954.94
1649942433, 0, 113, 180, 169, 8, 0.43%, 33, 0, 3, 1217.00
1649942489, 0, 143, 180, 167, 7, 0.43%, 33, 0, 3, 1297.57
1649942494, 0, 143, 181, 168, 7, 0.43%, 33, 0, 3, 1067.84
1649942504, 0, 143, 182, 169, 7, 0.43%, 33, 0, 3, 1009.06
1649942565, 0, 147, 182, 168, 7, 0.43%, 33, 0, 3, 972.02
1649942626, 0, 147, 183, 169, 7, 0.43%, 33, 0, 3, 927.97
1649942631, 0, 148, 183, 168, 6, 0.43%, 33, 0, 3, 965.13
1649942682, 0, 148, 184, 169, 6, 0.43%, 33, 0, 3, 897.80
1649942687, 0, 151, 184, 168, 5, 0.43%, 33, 0, 3, 1062.56
1649942697, 0, 151, 185, 169, 5, 0.43%, 33, 0, 3, 1088.04
1649942733, 0, 153, 185, 168, 5, 0.43%, 34, 0, 3, 1211.61
1649942753, 0, 174, 186, 168, 5, 0.43%, 34, 0, 3, 1146.25
1649942819, 0, 174, 189, 171, 5, 0.43%, 35, 0, 4, 967.73
1649942829, 0, 180, 189, 170, 5, 0.43%, 35, 0, 4, 906.71
1649942906, 0, 184, 189, 169, 4, 0.43%, 35, 0, 4, 1033.10
1649942952, 0, 185, 191, 170, 3, 0.43%, 35, 0, 4, 1079.86
1649942978, 0, 186, 191, 169, 2, 0.43%, 35, 0, 4, 1106.23
1649943033, 0, 186, 192, 170, 2, 0.43%, 35, 0, 5, 1049.86
1649943038, 0, 186, 193, 171, 2, 0.43%, 35, 0, 5, 923.05
1649943044, 0, 192, 193, 170, 2, 0.43%, 35, 0, 5, 1008.23
1649943095, 1, 139, 193, 169, 1, 0.43%, 35, 0, 5, 1020.29
1649943150, 1, 145, 194, 169, 0, 0.43%, 35, 0, 5, 907.61
1649943211, 1, 147, 198, 172, 0, 0.43%, 36, 0, 5, 881.66
1649943216, 1, 147, 201, 175, 0, 0.43%, 37, 0, 5, 757.42
1649943221, 1, 197, 201, 175, 1, 0.43%, 37, 0, 5, 899.42
1649943303, 1, 198, 201, 174, 0, 0.43%, 37, 0, 5, 848.09
1649943430, 1, 198, 203, 176, 0, 0.43%, 37, 0, 5, 799.28
1649943435, 1, 198, 204, 177, 0, 0.43%, 37, 0, 5, 648.54
1649943441, 1, 198, 206, 179, 0, 0.43%, 37, 0, 5, 614.00
1649943446, 1, 198, 207, 180, 0, 0.43%, 37, 0, 5, 601.91
1649943451, 1, 198, 208, 181, 0, 0.43%, 37, 0, 5, 615.66
1649943466, 1, 198, 209, 182, 0, 0.43%, 37, 0, 5, 613.37
1649943486, 2, 3, 221, 193, 0, 0.43%, 37, 0, 5, 675.99
1649943491, 2, 5, 221, 193, 0, 0.43%, 37, 0, 5, 707.35
1649943573, 2, 5, 226, 198, 0, 0.43%, 37, 0, 5, 768.33
1649943578, 2, 5, 227, 199, 0, 0.43%, 37, 0, 5, 700.91
1649943583, 2, 5, 228, 200, 0, 0.43%, 37, 0, 5, 698.38
1649943593, 2, 5, 229, 201, 0, 0.43%, 37, 0, 5, 694.99
1649943598, 2, 5, 233, 205, 0, 0.43%, 37, 0, 5, 697.50
1649943603, 2, 5, 233, 205, 0, 0.43%, 38, 0, 5, 676.33
1649943608, 2, 8, 233, 204, 0, 0.43%, 38, 0, 5, 933.68
1649943686, 2, 8, 236, 207, 0, 0.43%, 40, 0, 5, 757.12
1649943691, 2, 8, 240, 211, 0, 0.43%, 40, 0, 5, 705.12
1649943696, 2, 8, 241, 212, 0, 0.43%, 40, 0, 5, 695.70
1649943701, 2, 8, 242, 213, 0, 0.43%, 40, 0, 5, 689.94
1649943706, 2, 8, 243, 214, 0, 0.43%, 40, 0, 5, 679.37
1649943711, 2, 8, 244, 215, 0, 0.43%, 40, 0, 5, 691.72
1649943721, 2, 11, 244, 214, 0, 0.43%, 40, 0, 5, 937.32
1649943798, 2, 14, 244, 213, 0, 0.43%, 40, 0, 5, 904.54
1649943875, 2, 14, 245, 214, 0, 0.43%, 40, 0, 5, 895.71
1649943880, 2, 14, 248, 217, 0, 0.43%, 40, 0, 5, 721.76
1649943891, 2, 14, 250, 219, 0, 0.43%, 40, 0, 5, 677.93
1649943896, 2, 14, 251, 220, 0, 0.43%, 40, 0, 5, 684.96
1649943901, 2, 14, 251, 220, 0, 0.43%, 41, 0, 5, 684.32
1649943911, 2, 16, 251, 219, 0, 0.43%, 41, 0, 5, 749.00
1649943993, 2, 21, 252, 219, 0, 0.43%, 41, 0, 5, 893.44
1649944075, 2, 29, 255, 221, 0, 0.43%, 41, 0, 5, 737.35
1649944157, 2, 36, 255, 220, 0, 0.43%, 41, 0, 5, 937.73
1649944234, 2, 38, 255, 219, 0, 0.43%, 41, 0, 5, 822.65
1649944239, 2, 39, 255, 219, 0, 0.43%, 41, 0, 5, 965.03
1649944315, 2, 54, 256, 219, 0, 0.43%, 41, 0, 5, 829.33
1649944397, 2, 59, 256, 218, 0, 0.43%, 41, 0, 5, 945.13
1649944469, 2, 59, 257, 219, 0, 0.43%, 41, 0, 5, 783.68
1649944474, 2, 69, 257, 218, 0, 0.43%, 41, 0, 5, 1065.68
1649944510, 2, 75, 257, 217, 0, 0.43%, 41, 0, 5, 1067.15
1649944571, 2, 76, 257, 216, 0, 0.43%, 41, 0, 5, 920.27
1649944643, 2, 77, 257, 215, 0, 0.43%, 41, 0, 5, 945.30
1649944725, 2, 85, 258, 215, 0, 0.43%, 41, 0, 5, 1194.03
1649944730, 2, 86, 258, 214, 0, 0.43%, 41, 0, 5, 1254.11
1649944811, 2, 86, 259, 215, 0, 0.43%, 41, 0, 5, 791.14
1649944816, 2, 87, 259, 214, 0, 0.43%, 41, 0, 5, 944.71
1649944898, 2, 89, 259, 213, 0, 0.43%, 41, 0, 5, 1063.59
1649944928, 2, 96, 259, 212, 0, 0.43%, 41, 0, 5, 982.91
1649945011, 2, 109, 259, 211, 0, 0.43%, 41, 0, 5, 955.38
1649945086, 2, 111, 259, 210, 0, 0.43%, 41, 0, 5, 986.28
1649945117, 2, 117, 259, 208, 0, 0.43%, 41, 0, 5, 1077.40
1649945173, 2, 126, 259, 206, 0, 0.43%, 41, 0, 5, 1076.22
1649945234, 2, 140, 259, 205, 0, 0.43%, 41, 0, 5, 1066.54
1649945281, 2, 142, 259, 204, 0, 0.43%, 41, 0, 5, 1016.48
1649945358, 2, 146, 259, 203, 0, 0.43%, 41, 0, 5, 921.76
1649945440, 2, 155, 259, 202, 0, 0.43%, 41, 0, 5, 890.01
1649945511, 2, 157, 259, 201, 0, 0.43%, 41, 0, 5, 956.04
1649945593, 2, 171, 259, 200, 0, 0.43%, 41, 0, 5, 972.94
1649945649, 2, 175, 259, 199, 0, 0.43%, 41, 0, 5, 964.60
1649945720, 2, 175, 260, 200, 0, 0.43%, 41, 0, 5, 864.85
1649945725, 2, 182, 260, 199, 0, 0.43%, 41, 0, 5, 1021.77
1649945766, 2, 197, 261, 199, 0, 0.43%, 41, 0, 5, 873.26
1649945771, 2, 201, 261, 199, 0, 0.43%, 41, 0, 5, 847.72
1649945928, 2, 201, 264, 202, 0, 0.43%, 41, 0, 5, 653.39
1649945933, 2, 201, 266, 204, 0, 0.43%, 41, 0, 5, 632.11
1649945963, 2, 201, 267, 205, 0, 0.43%, 41, 0, 5, 608.25
1649945979, 2, 204, 267, 204, 0, 0.43%, 41, 0, 5, 700.48
1649946125, 2, 204, 270, 207, 0, 0.43%, 41, 0, 5, 661.94
1649946135, 2, 204, 271, 208, 0, 0.43%, 41, 0, 5, 624.25
1649946140, 2, 204, 272, 209, 0, 0.43%, 41, 0, 5, 604.50
1649946170, 2, 204, 273, 210, 0, 0.43%, 41, 0, 5, 582.22
1649946176, 2, 208, 273, 209, 0, 0.43%, 41, 0, 5, 637.49
1649946403, 2, 209, 273, 208, 0, 0.43%, 41, 0, 5, 797.70
1649946550, 2, 215, 273, 207, 0, 0.43%, 41, 0, 5, 754.07
1649946765, 2, 216, 273, 206, 0, 0.43%, 41, 0, 5, 618.62
1649947025, 2, 216, 274, 207, 0, 0.43%, 41, 0, 5, 542.13
1649947031, 2, 216, 275, 208, 0, 0.43%, 41, 0, 5, 515.72
1649947036, 2, 222, 275, 207, 0, 0.43%, 41, 0, 5, 556.65
1649947434, 2, 222, 276, 208, 0, 0.43%, 41, 0, 5, 563.25
1649947439, 2, 222, 278, 210, 0, 0.43%, 41, 0, 5, 503.09
1649947455, 2, 222, 279, 211, 0, 0.43%, 41, 0, 5, 498.93
1649947475, 2, 222, 280, 212, 0, 0.43%, 41, 0, 5, 496.25
1649947485, 2, 224, 281, 212, 0, 0.43%, 41, 0, 5, 598.26
1649947818, 2, 224, 282, 213, 0, 0.43%, 41, 0, 5, 585.41
1649947823, 2, 224, 283, 214, 0, 0.43%, 41, 0, 5, 527.17
1649947833, 2, 227, 283, 213, 0, 0.43%, 41, 0, 5, 376.48
1649950859, 2, 227, 284, 214, 0, 0.43%, 41, 0, 5, 133.21
1649950865, 2, 227, 287, 217, 0, 0.43%, 41, 0, 5, 136.05
1649950875, 2, 227, 287, 217, 0, 0.43%, 42, 0, 5, 245.94
1649950880, 2, 227, 289, 219, 0, 0.43%, 42, 0, 5, 248.03
1649950910, 2, 227, 290, 220, 0, 0.43%, 42, 0, 5, 247.27
1649951017, 2, 229, 290, 219, 0, 0.43%, 42, 0, 5, 208.07
1649951862, 2, 234, 290, 218, 0, 0.43%, 42, 0, 5, 457.96
1649952152, 2, 234, 291, 219, 0, 0.43%, 42, 0, 5, 491.12
1649952157, 2, 235, 291, 218, 0, 0.43%, 42, 0, 5, 462.24
1649952709, 2, 235, 292, 219, 0, 0.43%, 42, 0, 5, 371.79
1649952714, 2, 235, 293, 220, 0, 0.43%, 42, 0, 5, 316.15
1649952729, 2, 237, 293, 219, 0, 0.43%, 42, 0, 5, 459.50
